0.849959302427353
0.833052587947517
0.815329548601291
0.796807551548845
0.777504746864963
0.757440049753417
0.736633122011584
0.715104352763458
0.69287483847994
0.669966362305982
0.646401372714855
0.622202961510433
0.597394841199082
0.572001321753294
0.546047286789865
0.519558169185939
0.492559926156824
0.465079013820001
0.437142361270242
0.408777344191255
0.380011758029706
0.350873790757902
0.321391995251837
0.291595261311658
0.261512787351972
0.231174051789737
0.200608784157773
0.169846935972201
0.138918651382348
0.107854237631899
0.0766841353602242
0.0454388887729824
0.0141491157112501
-0.0171545223515154
-0.0484413503552651
-0.0796807097124628
-0.110841988351047
-0.141894650711811
-0.172808267670808
-0.203552546357458
-0.234097359839134
-0.264412776643148
-0.294469090087196
-0.324236847389532
-0.353686878530334
-0.382790324835992
-0.411518667258295
-0.439843754320819
-0.467737829705121
-0.495173559449707
-0.522124058735128
-0.548562918228953
-0.574464229964798
-0.599802612730063
-0.624553236937486
-0.648691848956156
-0.672194794878124
-0.695039043697343
-0.717202209878214
-0.738662575291612
-0.759399110496922
-0.779391495349201
-0.7986201389113
-0.81706619865141
-0.834711598907237
-0.851539048598704
-0.867532058171827
-0.882674955757155
-0.896952902526953
-0.91035190723606
-0.922858839932193
-0.93446144482225
-0.945148352282001
-0.954909089997419
-0.9637340932267
-0.971614714172951
-0.978543230458337
-0.984512852691392
-0.989517731120081
-0.993552961364088
-0.996614589220715
-0.998699614539689
-0.999805994163061
-0.999932643927347
-0.999079439725912
-0.997247217630591
-0.994437773072405
-0.990653859082177
-0.985899183592789
-0.980178405805701
-0.973497131625306
-0.965861908165593
-0.957280217334501
-0.947760468502245
-0.937311990260809
-0.92594502128267
-0.913670700287719
-0.900501055128209
-0.886448991002421
-0.8715282778086
-0.855753536651562
-0.839140225515176
-0.82170462411478
-0.803463817944364
-0.784435681534149
-0.764638860934983
-0.744092755446698
-0.722817498608353
-0.700833938468976
-0.678163617158144
-0.654828749776418
-0.630852202626328
-0.606257470805219
-0.581068655181942
-0.555310438779928
-0.529008062589804
-0.502187300835238
-0.474874435716264
-0.44709623165483
-0.418879909067808
-0.39025311769316
-0.36124390949541
-0.331880711176964
-0.302192296322216
-0.27220775720174
-0.241956476264188
-0.211468097343849
-0.180772496612056
-0.149899753300936
-0.118880120228166
-0.0877439941516344
-0.0565218859830489
-0.0252443908896872
0.00605784168641961
0.0373541380624872
0.0686138303727329
0.0998062866204266
0.130900940694801
0.161867322323391
0.192675086930463
0.223294045372268
0.253694193519991
0.283845741661394
0.313719143692347
0.34328512606965
0.372514716496761
0.401379272314325
0.429850508567693
0.457900525723909
0.485501837011025
0.512627395352931
0.539250619873331
0.565345421942869
0.590886230743903
0.615848018327859
0.640206324140612
0.663937278991881
0.687017628445115
0.709424755604988
0.731136703280141
0.752132195499475
0.7723906583609
0.791892240192112
0.81061783100364
0.828549081215113
0.845668419636373
0.861959070685842
0.877405070829243
0.891991284222589
0.905703417544101
0.918528034000516
0.930452566494069
0.941465329937245
0.951555532703231
0.96071328720084
0.968929619563568
0.976196478443258
0.982506742899779
0.98785422937898
0.992233697772073
0.995640856550526
0.998072366971413
0.999525846349117
0.999999870390171
0.999493974588951
0.998008654682856
0.995545366166521
0.992106522865555
0.987695494571179
0.982316603738103
0.975975121248868
0.9686772612488
0.960430175056646
0.951241944156854
0.941121572280364
0.930078976581676
0.918124977920827
0.905271290259818
0.891530509183866
0.876916099558742
0.861442382336277
0.845124520520975
0.827978504311485
0.810021135431486
0.791270010665337
0.771743504614645
0.751460751692617
0.730441627373875
0.708706728718075
0.686277354186441
0.663175482770973
0.639423752456801
0.615045438038765
0.590064428313978
0.564505202672724
0.538392807110609
0.511752829685489
0.484611375443223
0.45699504083682
0.428930887664039
0.400446416548993
0.371569539993745
0.342328555026281
0.312752115471691
0.282869203873715
0.25270910309417
0.222301367618083
0.191675794592668
0.160862394628504
0.129891362391538
0.098793047014727
0.0675979223583194
0.0363365571479119
0.00503958501954028
-0.0262623254988289
-0.057538501040003
-0.0887582934550045
-0.11989110984581
-0.15090644254394
-0.181773899005526
-0.212463231593583
-0.242944367218264
-0.273187436806084
-0.30316280456922
-0.332841097046216
-0.362193231885618
-0.391190446344357
-0.419804325472932
-0.448006829959785
-0.475770323607587
-0.503067600414494
-0.529871911233856
-0.55615698998624
-0.58189707939808
-0.607066956241752
-0.631641956052312
-0.655597997296701
-0.678911604971718
-0.701559933607648
-0.723520789654987
-0.744772653232353
-0.765294699214243
-0.785066817637987
-0.804069633409908
-0.822284525291359
-0.839693644146046
-0.856279930430756
-0.872027130912342
-0.886919814594592
-0.900943387839369
-0.914084108667212
-0.926329100223369
-0.937666363396092
-0.948084788574799
-0.95757416653661
-0.966125198450564
-0.973729504989731
-0.98037963454228
-0.986069070513465
-0.990792237711364
-0.994544507810121
-0.997322203885336
-0.999122604017156
-0.999943943957539
-0.999785418859078
-0.99864718406368
-0.996530354950352
-0.993437005842213
-0.989370167973827
-0.984333826520832
-0.978332916694791
-0.971373318907076
-0.963461853006537
-0.954606271596597
-0.944815252438317
-0.934098389946892
-0.922466185789886
-0.909930038596437
-0.896502232787519
-0.882195926538188
-0.867025138883623
-0.851004735981597
-0.83415041654483
-0.816478696457508
-0.798006892591034
-0.778753105834886
-0.758736203359191
-0.737975800126408
-0.716492239670234
-0.694306574160573
-0.671440543774089
-0.647916555390576
-0.623757660636009
-0.598987533293792
-0.573630446106349
-0.547711246989779
-0.521255334684884
-0.494288633868438
-0.466837569749076
-0.438929042172705
-0.410590399262812
-0.381849410621487
-0.352734240117436
-0.323273418287642
-0.293495814379732
-0.263430608062412
-0.233107260831731
-0.202555487141177
-0.171805225283885
-0.140886608055511
-0.109829933226498
-0.0786656338526927
-0.0474242484533791
-0.016136391085978
0.0151672786532805
0.0464560856733069
0.0776993694472875
0.108866514057548
0.139926978196696
0.170850325095667
0.201606252349319
0.232164621610362
0.262495488122529
0.292569130064038
0.322356077672604
0.351827142123438
0.38095344413197
0.40970644225323
0.438057960850184
0.465980217703598
0.493445851236394
0.520427947325807
0.546900065677061
0.572836265732758
0.598211132092534
0.622999799418127
0.647177976799412
0.670721971557553
0.693608712461929
0.715815772338096
0.737321390044623
0.758104491797267
0.778144711819597
0.797422412299824
0.815918702634287
0.833615457938729
0.850495336809236
0.866541798315422
0.881739118209222
0.896072404333394
0.909527611214637
0.922091553827038
0.933751920512339
0.944497285044376
0.954317117825866
0.963201796206571
0.971142613912727
0.978131789578489
0.984162474371055
0.989228758701968
0.993325678018042
0.996449217666226
0.998596316827645
0.999764871516954
0.999953736644078
0.999162727136307
0.997392618119654
0.994645144159292
0.99092299755982
0.986229825727019
0.980570227593688
0.973949749113055
0.966374877824191
0.957853036494735
0.94839257584718
0.938002766375836
0.926693789262479
0.914476726399616
0.901363549531111
0.887367108520838
0.872501118760841
0.856780147731352
0.840219600725817
0.822835705754949
0.804645497644575
0.785666801342867
0.765918214453322
0.745419089010598
0.724189512517069
0.702250288258681
0.679622914919394
0.656329565514197
0.632393065661324
0.607836871214974
0.582685045280456
0.556962234634266
0.530693645572222
0.50390501920931
0.476622606255455
0.44887314129192
0.420683816573559
0.392082255382585
0.36309648495996
0.333754909040947
0.30408628002172
0.274119670784313
0.243884446207533
0.213410234391718
0.182726897625573
0.15186450312352
0.120853293562232
0.0897236574452284
0.0585060993245757
0.0272312099088718
-0.00407036391320938
-0.0353679491044098
-0.0666308765360103
-0.0978285110411225
-0.1289302814347
-0.159905710470857
-0.19072444470812
-0.221356284253383
-0.25177121235538
-0.281939424818701
-0.311831359209513
-0.341417723824389
-0.370669526393824
-0.39955810249234
-0.428055143627336
-0.456132724979138
-0.48376333276509
-0.51091989120086
-0.53757578903254
-0.563704905613545
-0.589281636500757
-0.614280918544832
-0.638678254450076
-0.662449736779839
-0.685572071383886
-0.708022600224803
-0.729779323581057
-0.750820921604967
-0.771126775214442
-0.790676986298036
-0.809452397213506
-0.827434609560764
-0.84460600221084
-0.860949748573174
-0.876449833084335
-0.891091066901983
-0.904859102788725
-0.917740449171259
-0.929722483361034
-0.940793463923473
-0.950942542183645
-0.960159772857092
-0.968436123795417
-0.975763484837061
-0.982134675754617
-0.987543453290879
-0.991984517276728
-0.995453515824881
-0.997947049594385
-0.999462675121707
-0.999998907215126
-0.999555220410106
-0.998132049484206
-0.995730789031038
-0.992353792093671
-0.988004367858839
-0.982686778414205
-0.976406234571855
-0.969168890762118
-0.960981839002716
-0.95185310194916
-0.941791625033182
-0.930807267696931
-0.918910793731512
-0.90611386072933
-0.892429008660574
-0.877869647585069
-0.862450044511467
-0.846185309416743
-0.829091380439608
-0.81118500826242
-0.792483739696858
-0.773005900489433
-0.75277057736375
-0.731797599317017
-0.710107518189245
-0.68772158852406
-0.664661746740975
-0.640950589639444
-0.6166113522558
-0.591667885094794
-0.566144630758006
-0.540066599992033
-0.513459347179989
-0.486348945300227
-0.458761960376929
-0.430725425447508
-0.402266814072418
-0.373414013413236
-0.3441952969055
-0.314639296552998
-0.284774974870679
-0.254631596503737
-0.224238699550567
-0.193626066617826
-0.162823695635828
-0.131861770463006
-0.100770631308125
-0.0695807449993047
-0.0383226751289858
-0.00702705210402817
0.0242754568696078
0.0555541778382974
0.0867784601587462
0.117917706533178
0.148941402992251
0.179819148796274
0.210520686225537
0.241015930230417
0.271274997912353
0.301268237806668
0.330966258938643
0.360339959624328
0.389360555987845
0.417999610167302
0.446229058181602
0.474021237430919
0.501348913803814
0.528185308364492
0.554504123594026
0.580279569159799
0.605486387187989
0.630099877014243
0.654095919388372
0.677451000109267
0.700142233066943
0.722147382669102
0.743444885630217
0.764013872101846
0.783834186123393
0.802886405373354
0.821151860201625
0.83861265192427
0.855251670362806
0.87105261061079
0.885999989011343
0.900079158329881
0.913276322107238
0.925578548179092
0.936973781348445
0.947450855198763
0.956999503036159
0.965610367949938
0.973275011981618
0.979985924393455
0.985736529028365
0.99052119075403
0.994335220984879
0.997174882276526
0.999037391988164
0.999920925009335
0.999824615548387
0.998748557980885
0.996693806757126
0.993662375368868
0.989657234376263
0.984682308496948
0.97874247276014
0.971843547729491
0.963992293799404
0.955196404570391
0.945464499309953
0.934806114506397
0.923231694523828
0.910752581367524
0.897381003569662
0.883130064206348
0.868013728057648
0.852046807923213
0.835244950106933
0.8176246190848
0.799203081371053
0.779998388598357
0.760029359828669
0.739315563112042
0.717877296311522
0.695735567212855
0.672912072938534
0.649429178686374
0.625309895813382
0.600577859286496
0.575257304522185
0.549373043637698
0.522950441137168
0.496015389056421
0.468594281590869
0.440713989231293
0.412401832432931
0.383685554843596
0.354593296117146
0.32515356433886
0.295395208089793
0.265347388177492
0.235039549060716
0.204501389996247
0.173762835935973
0.142854008202845
0.111805194974392
0.08064682160271
0.0494094208000842
0.0181236027193422
-0.0131799750416163
-0.0444706374818404
-0.0757177222563493
-0.106890609722787
-0.137958752946233
-0.168891707632726
-0.199659161962267
-0.230230966291948
-0.260577162700216
-0.290668014343215
-0.320474034594525
-0.349966015939703
-0.379115058597289
-0.407892598838303
-0.436270436976391
-0.464220765001281
-0.491716193828392
-0.518729780137949
-0.545235052777291
-0.571206038700461
-0.596617288419738
-0.621443900944071
-0.645661548180084
-0.669246498771638
-0.692175641354672
-0.714426507204495
-0.735977292253322
-0.756806878456536
-0.776894854486658
-0.79622153573484
-0.814767983600183
-0.832516024048063
-0.849448265419235
-0.865548115472249
-0.88079979764254
-0.895188366502181
-0.908699722405219
-0.921320625304193
-0.93303870772432
-0.943842486882636
-0.953721375940199
-0.96266569437635
-0.970666677474838
-0.977716484912554
-0.983808208442409
-0.988935878662867
-0.993094470867487
-0.99627990996872
-0.998489074491182
-0.99971979963044
-0.999970879374356
-0.999242067684873
-0.997534078739119
-0.994848586229571
-0.991188221723966
-0.986556572086577
-0.980958175963376
-0.974398519334518
-0.966884030138527
-0.958422071973423
-0.949020936880993
-0.938689837221249
-0.927438896645049
-0.91527914017374
-0.902222483395507
-0.888281720789063
-0.873470513186068
-0.857803374384623
-0.841295656926905
-0.823963537054892
-0.805823998858962
-0.786894817634823
-0.767194542465161
-0.746742478043012
-0.725558665754718
-0.703663864040969
-0.681079528055182
-0.657827788639188
-0.633931430636756
-0.60941387056629
-0.584299133674498
-0.558611830393583
-0.532377132224993
-0.505620747073344
-0.478368894054758
-0.450648277804201
-0.422486062307106
-0.393909844280809
-0.364947626132005
-0.335627788516617
-0.305979062529011
-0.276030501547855
-0.245811452766099
-0.215351528433102
-0.184680576836975
-0.153828653055667
-0.122825989505386
-0.0917029663152384
-0.0604900815571596
-0.0292179213602159
0.00208287006132592
0.0333816204369048
0.0646476594960106
0.0958503490226055
0.126959112878134
0.157943466963668
0.18877304909191
0.219417648739681
0.249847236651843
0.28003199426754
0.309942342940013
0.339548972921317
0.368822872083504
0.397735354348211
0.4262580877967
0.454363122432893
0.482022917572109
0.509210368828742
0.535898834676398
0.562062162554437
0.587674714495415
0.612711392248214
0.637147661872346
0.660959577779229
0.684123806196955
0.706617648035531
0.728419061130148
0.749506681840762
0.769859845986728
0.789458609096065
0.808283765949427
0.826316869399692
0.843540248448677
0.859937025563314
0.875491133214279
0.890187329620877
0.904011213686781
0.916949239111937
0.928988727666872
0.940117881616329
0.950325795280111
0.959602465719776
0.96793880254071
0.975326636799994
0.981758729011304
0.987228776239041
0.991731418274693
0.995262242889414
0.997817790157656
0.999395555847618
0.999993993875195
0.999612517819013
0.998251501495076
0.99591227859046
0.992597141356401
0.988309338362075
0.983053071311261
0.976833490925007
0.969656691894333
0.961529706907924
0.952460499760659
0.942457957549728
0.931531881965985
0.919692979689084
0.906952851895776
0.8933239828917
0.87881972787775
0.863454299863054
0.847242755737362
0.830200981516493
0.812345676775321
0.793694338283516
0.774265242860124
0.754077429463731
0.733150680535822
0.711505502615566
0.689163106245042
0.666145385184619
0.642474894958807
0.618174830753665
0.593269004687359
0.567781822476203
0.541738259519012
0.515163836423191
0.488084593996611
0.460527067729672
0.432518261792673
0.404085622573862
0.375257011784191
0.346060679155064
0.316525234755846
0.286679620958313
0.256553084075414
0.226175145702252
0.195575573787258
0.164784353462006
0.133831657658175
0.102747817540479
0.0715632927845792
0.0403086417290086
0.00901449143047658
-0.0222884923482246
-0.0535696351881885
-0.084798284072881
-0.115943837425653
-0.146975775096813
-0.177863688270959
-0.208577309265155
-0.239086541188866
-0.26936148743648
-0.299372480983596
-0.329090113458347
-0.358485263959223
-0.387529127591257
-0.416193243692482
-0.444449523723136
-0.472270278790154
-0.49962824678009
-0.526496619073789
-0.552849066816697
-0.578659766719035
-0.603903426360543
-0.628555308975045
-0.652591257690483
-0.675987719200734
-0.698721766845952
-0.720771123078863
-0.742114181294991
-0.762730027005379
-0.782598458331137
-0.801700005799645
-0.820015951423099
-0.837528347040625
-0.854220031906045
-0.870074649504042
-0.885076663578223
-0.899211373355421
-0.912464927951262
-0.924824339942937
-0.936277498095824
-0.946813179231537
-0.956421059225744
-0.965091723124974
-0.972816674372527
-0.979588343134412
-0.985400093717185
-0.990246231070394
-0.99412200636727
-0.997023621658206
-0.998948233592435
-0.999893956204288
-0.999859862761293
-0.998845986672296
-0.996853321454722
-0.993883819761011
-0.98994039146517
-0.985026900811336
-0.979148162627117
-0.972309937605455
-0.964518926659603
-0.955782764356767
-0.946110011436845
-0.935510146423578
-0.923993556336367
-0.911571526511813
-0.898256229545004
-0.884060713361331
-0.868998888430579
-0.853085514135772
-0.836336184310157
-0.818767311956507
-0.800396113163674
-0.781240590236219
-0.761319514053576
-0.740652405676109
-0.719259517216026
-0.697161811991926
-0.674380943986437
-0.65093923662703
-0.626859660910867
-0.602165812895038
-0.576881890574335
-0.551032670169144
-0.524643481846725
-0.497740184899694
-0.470349142405964
-0.442497195395059
-0.414211636546032
-0.385520183442845
-0.356450951413345
-0.327032425978483
-0.297293434938805
-0.267263120125491
-0.236970908843718
-0.206446485036226
-0.175719760195463
-0.144820844052683
-0.113780015072848
-0.0826276907841418
-0.0513943979712169
-0.0201107427614145
0.0111926193668205
0.0424850136238259
0.0737357759675896
0.104914283152032
0.135989982735348
0.166932423018962
0.197711282887737
0.228296401522261
0.258657807954015
0.288765750434547
0.318590725589785
0.348103507330986
0.37727517549398
0.40607714417859
0.434481189760554
0.462459478548392
0.489984594058219
0.51702956387969
0.543567886106802
0.569573555307662
0.595021088007699
0.619885547661456
0.644142569088389
0.66776838234881
0.690739836036514
0.713034419965304
0.734630287227189
0.755506275600578
0.775641928287592
0.795017513960063
0.813614046094679
0.831413301578239
0.848397838564854
0.864551013567567
0.879856997767621
0.894300792525452
0.907868244078143
0.920546057408987
0.932321809275532
0.943183960383371
0.953121866693727
0.962125789853749
0.970186906739335
0.977297318101071
0.983450056304875
0.988639092159716
0.992859340825737
0.996106666796997
0.998377887953927
0.999670778681564
0.999984072050463
0.999317461058197
0.997671598930189
0.995048098479606
0.991449530526926
0.986879421380749
0.981342249382289
0.97484344051696
0.967389363097345
0.958987321522761
0.949645549121531
0.939373200082977
0.928180340487055
0.916077938440394

